Ad        Ogr. No   Ara Sinav 2. Sinav  Odev      Final     Devam     Ortalama  
-----------------------------------------------------------------------------------
selver    102       98        82        79        96        0         90.20     
oğuz     105       33.00     55.00     35.00     84.00     12        58.20     
Eren      111       75.00     35.00     90.00     64.00     0         65.60     
Esma      134       34.00     76.00     45.00     76.00     11        61.40     
Osman     144       39.00     3.00      40.00     13.00     5         21.60     
ihsan     112       77.00     66.00     55.00     44.00     13        57.20     
oğuz     105       33.00     55.00     35.00     94.00     12        62.20     
polat     117       24.00     58.00     98.00     42.00     11        52.80     
mert      123       15.00     75.00     90.00     72.00     9         64.80     
yusuf     124       80.00     75.00     80.00     80.00     0         79.00     
zübeyde  127       82.00     8.00      83.00     90.00     4         70.60     
Esma      134       34.00     76.00     45.00     76.00     11        61.40     
Osman     144       39.00     3.00      40.00     13.00     5         21.60     
mehmet    156       85.00     100.00    40.00     35.00     3         59.00     
safiye    166       52.00     74.00     55.00     72.00     8         65.00     
hasan     174       51.00     45.00     52.00     45.00     12        47.60     
arda      178       72.00     53.00     47.00     74.00     13        64.00     
mustafa   210       29.00     99.00     16.00     64.00     7         54.40     
inrahim   216       36.00     85.00     97.00     90.00     12        79.60     
Ahmed     222       54.00     65.00     34.00     12.00     8         35.40     
ela       225       43.00     51.00     3.00      1.00      3         19.80     
Leyla     226       85.00     97.00     12.00     4.00      13        40.40     
nuri      230       23.00     22.00     34.00     51.00     7         36.20     
neşe     231       29.00     68.00     84.00     88.00     12        71.40     
kadir     237       85.00     32.00     79.00     42.00     9         56.00     
yasin     246       87.00     73.00     86.00     90.00     14        85.20     
zeliha    254       12.00     95.00     0.00      100.00    8         61.40     
salim     255       95.00     95.00     95.00     95.00     13        95.00     
emre      258       60.00     70.00     80.00     50.00     14        62.00     
idris     261       60.00     42.00     80.00     72.00     1         65.20     
elif      275       100.00    63.00     48.00     75.00     11        72.20     
irfan     291       2.00      77.00     97.00     57.00     4         58.00     
nuriye    297       92.00     83.00     49.00     4.00      7         46.40     
doruk     303       54.00     79.00     34.00     84.00     1         67.00     
yavuz     313       52.00     97.00     27.00     95.00     8         73.20     
furkan    321       5.00      10.00     100.00    85.00     10        57.00     
selin     326       45.00     36.00     100.00    63.00     13        61.40     
İhsan    327       70.00     65.00     90.00     90.00     13        81.00     
melike    330       45.00     78.00     86.00     50.00     14        61.80     
ismail    334       81.00     12.00     25.00     91.00     9         60.00     
Polat     340       100.00    100.00    100.00    100.00    14        100.00    
semih     342       54.00     23.00     31.00     85.00     6         55.60     
betül    354       75.00     92.00     76.00     41.00     10        65.00     
mahmut    363       88.00     22.00     72.00     25.00     3         46.40     
mehmet    376       91.00     96.00     75.00     43.00     5         69.60     
emir      377       45.00     38.00     99.00     45.00     9         54.40     
esma      379       54.00     34.00     55.00     78.00     8         59.80     
salih     384       20.00     4.00      9.00      6.00      4         9.00      
nazlı    392       81.00     43.00     53.00     36.00     11        49.80     
ayça     393       22.00     4.00      31.00     89.00     9         47.00     
ceylan    394       46.00     44.00     31.00     12.00     10        29.00     
osman     398       78.00     95.00     12.00     36.00     13        51.40     
veli      421       10.00     80.00     60.00     55.00     13        52.00     
derya     422       98.00     85.00     89.00     90.00     13        90.40     
fatma     423       46.00     64.00     90.00     35.00     8         54.00     
veli      432       50.00     78.00     93.00     65.00     8         70.20     
yunus     455       95.00     75.00     24.00     69.00     14        66.40     
Hakkı    457       54.00     87.00     56.00     23.00     14        48.60     
pırıl   458       65.00     23.00     86.00     38.00     3         50.00     
Gizemsu   460       6.00      52.00     38.00     2.00      9         20.00     
safinaz   468       42.00     76.00     9.00      18.00     9         32.60     
bilge     472       64.00     49.00     93.00     5.00      3         43.20     
berkay    475       69.00     14.00     74.00     56.00     4         53.80     
hüsnü   480       19.00     45.00     44.00     53.00     8         42.80     
sedef     486       45.00     52.00     80.00     98.00     12        74.60     
arda      504       27.00     99.00     86.00     51.00     11        62.80     
belgin    531       32.00     18.00     52.00     89.00     4         56.00     
ilker     533       48.00     14.00     46.00     88.00     8         56.80     
Harun     532       43.00     4.00      46.00     62.00     12        43.40     
Muhammed  543       57.00     23.00     25.00     87.00     12        55.80     
Hasan     544       23.00     54.00     54.00     23.00     12        35.40     
Ümit     545       22.00     55.00     75.00     100.00    17        70.40     
zeki      547       53.00     41.00     17.00     46.00     8         40.60     
idris     555       56.00     87.00     7.00      81.00     10        62.40     
Edanur    560       90.00     85.00     83.00     96.00     10        90.00     
gamze     573       28.00     61.00     81.00     70.00     13        62.00     
Hayri     586       84.00     48.00     5.00      17.00     2         34.20     
eyşan    602       81.00     23.00     25.00     73.00     7         55.00     
meryem    608       88.00     78.00     81.00     61.00     11        73.80     
dilek     627       37.00     79.00     100.00    21.00     10        51.60     
mehtap    648       11.00     10.00     5.00      94.00     3         42.80     
ali       650       76.00     55.00     55.00     90.00     9         73.20     
akif      656       52.00     36.00     49.00     84.00     2         61.00     
Erdem     677       60.00     70.00     80.00     90.00     14        78.00     
beytullah 682       35.00     70.00     65.00     90.00     8         70.00     
gizem     683       8.00      30.00     42.00     96.00     4         54.40     
osman     685       44.00     12.00     55.00     92.00     12        59.00     
Ertuğrul 686       68.00     84.00     57.00     72.00     9         70.60     
emre      695       38.00     25.00     27.00     4.00      2         19.60     
mehmet ali723       40.00     60.00     90.00     27.00     0         48.80     
Adem      725       40.00     45.00     50.00     55.00     11        49.00     
alara     726       83.00     72.00     54.00     36.00     5         56.20     
mehmet    769       54.00     21.00     46.00     98.00     14        63.40     
aydın    784       15.00     56.00     78.00     83.00     10        63.00     
galip     785       87.00     56.00     100.00    60.00     12        72.60     
uğur     789       78.00     49.00     94.00     41.00     13        60.60     
Damla     808       67.00     90.00     58.00     80.00     13        75.00     
hilmi     828       18.00     79.00     13.00     1.00      11        22.40     
Elif      835       7.00      52.00     88.00     13.00     12        34.60     
salih     845       45.00     74.00     22.00     45.00     12        46.20     
maraz ali 846       26.00     94.00     20.00     51.00     5         48.40     
ömer     848       74.00     67.00     43.00     76.00     3         67.20     
temel     863       25.00     50.00     75.00     60.00     9         54.00     
kaan      889       51.00     11.00     74.00     15.00     2         33.20     
büşra   892       43.00     21.00     40.00     50.00     7         40.80     
yavuz     902       3.00      25.00     49.00     75.00     14        45.40     
güliz    905       79.00     13.00     39.00     49.00     8         45.80     
Sümeyye  908       75.00     68.00     44.00     90.00     7         73.40     
abdulhey  925       10.00     32.00     97.00     72.00     10        56.60     
arda      928       49.00     44.00     4.00      30.00     3         31.40     
selim     929       93.00     40.00     100.00    10.00     7         50.60     
ceylan    948       55.00     35.00     87.00     11.00     14        39.80     
reyhan    954       25.00     11.00     31.00     100.00    13        53.40     
özcan    958       54.00     15.00     45.00     97.00     11        61.60     
jale      961       71.00     88.00     58.00     56.00     3         65.80     
ezel      962       58.00     5.00      79.00     67.00     10        55.20     
Berk      963       65.00     48.00     89.00     87.00     5         75.20     
ayşe     964       81.00     32.00     94.00     26.00     9         51.80     
hüseyin  982       84.00     63.00     75.00     80.00     10        76.40     
çakır   983       53.00     64.00     75.00     86.00     11        72.80     
gizem     998       38.00     60.00     82.00     16.00     6         42.40     
Ali       999       87.00     23.00     54.00     23.00     11        42.00     
                    0.00      0.00      0.00      0.00      0         0.00      
                    0.00      0.00      0.00      0.00      0         0.00      
                    0.00      0.00      0.00      0.00      0         0.00      
